38996 188.96 26.45 0.2340939982143957
81646 80.57 23.59 0.526307894677638
97392 153.6 125.03 0.056568542494922595
16025 107.57 31.57 0.3046309242345447
23362 23.62 126.92 0.1392838827718372
51202 147.05 152.3 0.17492855684536565
22535 85.54 13.4 0.14317821063275962
58560 40.25 144.88 0.12206555615733429
1151 171.44 77.23 0.16278820596099391
100414 108.4 126.3 0.2999999999999915
110143 108.82 177.87 0.05000000000001137
71677 127.54 44.39 0.250199920063936
22401 69.8 150.91 0.050000000000005686
26686 100.57 180.2 0.18384776310851447
88210 181.45 124.63 0.37161808352122033
39781 108.45 143.19 0.3324154027718765
113501 163.2 199.12 0.2657066051117296
35700 104.48 163.08 0.2600000000000193
76839 115.58 185.77 0.22561028345357098
90005 143.32 94.42 0.16763054614240225
20905 45.92 3.09 0.03000000000000025
109137 180.17 46.22 0.17804493814765984
36525 148.33 38.97 0.20024984394499643
45890 180.21 56.78 0.09899494936613212
21425 62.47 23.92 0.3041381265149077
5393 41.02 156.44 0.2886173937932374
142882 112.87 112.8 0.0538516480713462
43177 6.1 181.46 0.21023796041628726
29717 122.46 156.84 0.32280024783136896
26604 160.22 48.68 0.3560898762952973
138913 104.76 89.3 0.37161808352124065
51339 70.08 57.85 0.2617250465660532
55575 98.0 48.11 0.2433105012119236
66794 136.07 56.29 0.35171010790138185
52954 97.25 157.72 0.3764306044943694
86653 59.3 42.91 0.46529560496527456
24234 90.83 184.18 0.2789265136196215
64228 158.82 84.39 0.49040799340956703
54038 80.82 52.89 0.4816637831516963
14980 176.82 175.48 0.12999999999999545
93165 177.83 131.73 0.15264337522472526
145959 2.32 32.26 0.20615528128087993
145971 4.96 159.22 0.2302172886644259
122981 147.17 182.31 0.32310988842808247
88033 45.91 57.79 0.6300793600809371
148737 75.53 31.79 0.3100000000000023
1284 88.82 98.49 0.518652099195595
25061 10.16 8.96 0.6537583651472465
84309 159.33 162.41 0.17204650534086127
132132 36.14 23.23 0.07211102550927824
121253 4.97 70.67 0.15297058540777522
21251 194.7 19.07 0.2801785145224398
140312 17.36 119.31 0.18788294228055696
61450 148.31 176.41 0.12000000000000455
83964 1.35 189.81 0.23021728866441654
80263 29.55 124.2 0.09999999999999787
3828 0.34 20.18 0.2801785145224381
15434 68.74 57.97 0.09219544457291902
88202 120.21 9.44 0.3298484500494127
89503 144.76 0.3 0.27513632984395325
6567 74.36 182.16 0.18439088914586113
18384 82.83 116.8 0.18027756377320894
31309 154.22 17.6 0.08544003745318743
139175 192.98 2.06 0.23345235059857264
111589 135.59 118.92 0.27202941017471743
149091 9.21 123.91 0.20223748416156984
101935 3.01 111.87 0.22360679774997785
53341 29.12 77.11 0.07810249675906875
90117 98.64 15.86 0.37576588456112187
34477 38.95 170.94 0.5215361924162106
74229 49.32 58.4 0.2563201123595265
25836 192.8 182.07 0.09433981132056761
31664 131.58 5.95 0.2137755832642994
125965 90.21 142.98 0.4441846462902713
7000 62.84 40.38 0.29614185789921654
110305 140.56 113.55 0.050000000000005686
119743 119.44 199.47 0.382753184180104
101082 61.27 161.64 0.41773197148413405
67570 132.58 80.54 0.42449970553584654
27212 22.56 119.02 0.36013886210738166
43972 127.57 154.38 0.236008474424109
95140 35.71 198.78 0.15297058540778935
41863 5.67 174.57 0.4301162633521267
111493 111.7 48.23 0.10630145812735542
31821 89.73 112.2 0.1720465053408497
71454 196.14 8.23 0.2236067977499782
6579 106.02 162.13 0.12369316876853449
85583 4.27 91.6 0.4792702786528684
55824 76.54 179.06 0.1824828759089535
64352 97.64 154.12 0.17088007490634824
43565 158.26 2.54 0.5685947590331789
5325 69.77 115.57 0.2716615541441187
20820 173.21 64.06 0.45354161881794375
70061 137.74 130.82 0.13341664064125916
1315 52.53 58.93 0.022360679774999805
15488 78.26 86.75 0.16278820596100002
54296 56.64 165.61 0.1886796226411322
148377 190.19 128.08 0.25961509971494157
128346 12.14 55.36 0.1166190378969084
136389 151.48 101.66 0.17888543819997935
111390 123.55 129.27 0.43046486500060943
100909 58.92 34.11 0.262488094968137
147403 163.66 5.36 0.16000000000000014
26939 149.43 147.15 0.33541019662498117
120733 128.12 108.23 0.13999999999998636
1420 131.49 77.67 0.33105890714492864
129759 56.29 62.64 0.41400483088968765
97396 64.31 2.02 0.34205262752973825
118447 168.84 188.31 0.46754678910243563
36362 33.72 33.4 0.2863564212655272
57247 168.19 194.58 0.36400549446400093
46473 140.94 150.75 0.12727922061358338
102760 91.73 123.9 0.278028775489157
107760 162.41 18.25 0.1612451549659636
64730 190.66 149.9 0.16763054614240225
2923 41.76 1.33 0.12529964086141446
128571 25.86 16.87 0.42190046219457783
145127 121.39 129.81 0.25495097567964814
20387 23.18 134.72 0.2920616373301964
124200 106.2 15.15 0.30528675044947295
59345 108.19 79.06 0.3560898762952973
106138 122.2 106.51 0.1389244398944934
61821 111.64 147.13 0.04242640687119446
49621 120.07 136.98 0.33837848631377226
122337 121.66 66.16 0.25179356624028354
81137 44.22 55.14 0.23259406699226154
147639 181.02 139.37 0.031622776601681994
29597 151.49 32.74 0.18439088914583648
139461 109.95 193.27 0.2282542442102812
44177 137.28 55.02 0.3195309061734014
108474 159.34 56.52 0.21999999999999886
94333 61.86 48.09 0.26019223662515195
30636 113.86 158.88 0.33526109228480955
58398 116.48 105.24 0.09999999999999147
130382 107.5 22.66 0.23323807579381375
21140 4.31 104.6 0.1769180601295485
56305 93.61 107.7 0.5203844732503033
44321 169.05 158.63 0.3324154027719047
131275 145.72 122.14 0.23706539182258154
57196 194.45 170.72 0.23021728866442231
71720 135.89 121.37 0.4428317965096691
127201 190.66 35.83 0.1004987562112094
28199 161.36 109.43 0.3801315561749602
27872 179.0 29.02 0.20000000000000284
106419 173.62 179.39 0.23537204591881658
98691 199.51 196.82 0.1612451549659689
17220 188.91 159.27 0.08062257748296858
90680 15.6 131.3 0.35000000000000425
18110 173.96 67.62 0.49929950931278444
1843 45.4 138.03 0.1063014581273561
94819 64.86 111.28 0.3176476034853755
17084 152.04 192.11 0.07211102550927727
70748 193.28 123.21 0.2408318915758558
149107 142.05 101.3 0.2844292530665584
145308 21.48 189.93 0.5824087911424437
124365 122.32 4.73 0.09848857801796346
74479 132.4 133.51 0.33541019662498117
53165 111.71 106.17 0.4052159917870966
122254 47.62 199.92 0.08485281374238891
149777 143.69 147.46 0.04123105625616668
127410 142.64 92.83 0.2507987240796899
149272 128.13 78.24 0.5423098745182431
25150 123.69 58.05 0.13928388277183593
88877 164.22 24.8 0.4883646178830001
126967 117.35 110.32 0.1431782106327643
95989 117.42 164.79 0.2469817807045496
97014 145.88 109.17 0.5096076922496354
13622 127.83 138.05 0.3764306044943777
71098 140.26 48.57 0.35227829907617125
89315 99.02 105.01 0.07211102550927727
142297 165.76 81.15 0.11401754250992104
79295 161.47 185.54 0.11045361017185706
77648 108.01 41.9 0.3905124837953415
81713 57.95 129.22 0.0761577310586398
41993 182.69 170.98 0.26248809496813863
62417 103.15 71.19 0.23769728648008911
142644 69.93 11.39 0.2657066051117284
137614 187.95 85.14 0.16970562748477783
61207 69.69 28.99 0.2973213749463717
124699 160.25 17.32 0.2126029162546841
129331 142.95 35.55 0.3041381265148937
3819 172.7 3.21 0.45122056690714407
85882 69.57 41.29 0.44271887242357044
149906 73.93 99.44 0.36013886210738133
128528 96.32 190.22 0.15297058540778655
116007 138.41 199.11 0.26683328128251194
140890 185.09 12.78 0.3275667870831828
111038 38.23 174.17 0.24083189157584164
5701 89.83 198.89 0.08062257748300031
123131 2.77 186.8 0.36055512754640223
133357 136.52 71.16 0.47169905660282296
123444 195.23 1.61 0.37443290453696965
66407 173.22 88.99 0.30413812651492034
23316 53.78 97.61 0.12165525060596823
38260 7.21 26.31 0.09219544457292865
8862 39.26 71.18 0.30016662039607
100809 94.93 5.91 0.1746424919657279
60691 183.5 106.91 0.6095900261651366
74263 126.78 178.04 0.3956008088970591
121136 42.8 63.53 0.2061552812808875

Total Time: 17.80767035484314 seconds
Average Time per Query: 0.0890383517742157 seconds
