217466 232.93 397.4
217486 100.92 421.74
217458 279.7 456.87
145976 287.99 250.03
145913 292.46 307.18
164569 299.21 252.64
164570 475.51 259.05
234807 675.66 327.87
234806 320.53 373.17
234827 693.43 287.77
106911 398.99 451.2
217542 408.79 607.29
217539 104.21 683.68
217548 244.51 693.03
106881 418.1 385.47
217455 409.43 397.8
176206 418.23 668.92
176191 466.49 420.15
234804 562.01 360.9
106549 425.75 482.7
106548 455.72 425.87
106561 501.36 439.81
113591 465.84 458.52
113590 504.08 503.85
113578 425.64 550.4
234875 505.78 423.76
164531 573.42 393.1
164524 618.01 380.54
164515 657.23 342.24
164551 666.41 375.83
164562 705.4 305.04
32498 579.8 417.68
75473 526.72 435.15
75479 555.53 531.29
17219 436.95 585.98
17152 454.3 543.77
17172 493.43 582.66
158271 586.85 427.81
158309 563.97 464.2
75506 494.61 593.98
75509 532.76 660.95
75502 562.66 508.41
75378 542.98 599.51
70531 695.33 603.82
70533 409.55 696.68
217530 494.55 674.78
75469 559.07 688.03
158339 564.76 628.57
158336 624.81 662.49

Total Time: 0.012001514434814453 seconds
Average Time per Point: 4.0005048116048174e-08 seconds
